RT
650
569
581
541
617
765
691
646
653
838
608
732
608
618
691
582
567
541
618
614
610
620
579
501
579
539
539
730
544
506
533
457
575
611
570
581
541
617
538
653
533
648
579
729
505
494
572
609
790
556
537
581
683
616
614
773
690
507
728
580
650
577
732
575
540
614
544
543
540
652
525
577
617
501
693
844
541
650
730
530
545
581
576
768
654
696
733
653
542
641
1184
616
577
580
582
530
1285
1503
694
655
764
1153
1074
644
732
614
886
686
770
725
644
694
694
656
1115
879
886
770
914
887
543
1491
879
1037
657
1678
1301
1375
767
729
721
984
1413
1341
804
619
1264
658
615
804
961
808
1030
733
778
848
542
604
537
545
583
456
509
833
693
542
657
661
659
845
1077
724
616
807
691
579
926
656
623
654
659
580
508
579
508
616
884
769
544
581
699
654
698
624
729
660
732
655
697
509
581
546
884
542
579
771
622
965
776
732
1453
657
807
653
684
580
584
626
627
544
657
617
618
733
921
926
547
623
539
662
819
772
516
542
656
697
623
510
771
773
653
621
1306
1122
965
616
1111
574
777
736
697
699
1034
854
774
1073
707
768
733
922
698
767
960
720
735
657
654
736
620
658
815
654
584
693
619
620
622
812
659
618
885
1349
655
630
592
581
661
583
731
659
618
665
616
617
656
584
581
814
585
589
464
479
469
507
540
472
547
547
661
544
544
621
508
426
543
429
469
552
511
621
470
545
469
583
464
471
471
470
507
538
698
502
544
506
472
508
473
502
619
780
585
620
583
541
693
1027
596
511
575
696
673
643
524
546
642
591
592
790
453
558
482
536
519
596
463
453
533
485
516
847
1053
534
716
620
546
640
753
854
1923
580
618
570
1180
652
562
610
623
1038
604
497
590
735
605
1018
581
578
1686
1152
1676
846
729
621
1041
693
1293
732
693
695
659
810
657
616
579
813
584
1173
1309
694
544
582
729
1040
578
545
887
926
770
887
736
734
658
769
773
653
1039
958
617
649
616
617
656
942
1057
919
658
1112
1377
848
958
769
696
622
851
694
1267
685
695
1230
762
1078
839
814
1269
1486
1531
1299
806
661
650
580
547
661
685
695
621
469
698
813
813
584
618
657
956
776
657
958
805
850
846
807
654
889
1384
718
931
920
1036
696
698
921
546
850
1111
856
578
696
737
875
883
957
687
873
700
883
770
1115
845
773
662
760
804
926
771
698
836
658
884
808
805
851
770
850
769
696
1382
654
660
844
763
878
820
730
847
843
764
918
644
804
575
649
733
913
920
685
677
657
1450
619
729
847
615
611
683
575
572
608
808
540
1224
645
653
761
533
685
579
462
580
730
543
581
503
606
577
498
576
827
726
793
732
558
533
1029
612
597
949
690
925
806
1071
729
810
659
959
744
913
654
688
808
658
729
619
613
648
734
497
614
763
615
650
658
540
541
695
675
657
652
724
501
566
693
788
536
575
687
652
683
726
692
683
612
569
657
574
572
684
575
687
577
500
640
685
614
838
911
917
683
840
837
733
723
650
733
686
652
646
881
648
617
689
580
615
574
723
574
685
577
651
771
608
540
616
611
532
721
534
533
533
496
649
580
463
809
543
505
608
806
540
653
1065
912
1299
691
619
679
798
1025
722
877
682
1296
574
762
839
608
909
686
996
923
1258
677
695
725
538
1261
766
729
615
649
682
904
690
685
929
671
698
651
796
823
724
765
705
781
625
658
784
787
728
707
900
636
664
615
609
761
638
788
647
691
604
692
626
764
939
829
1019
870
623
582
673
740
889
785
717
763
797
784
688
874
623
696
571
603
879
673
551
572
786
517
715
764
669
816
728
747
582
700
679
679
651
513
627
688
663
668
663
644
734
618
579
575
672
672
738
616
594
676
592
1037
538
686
829
765
573
894
572
693
1065
1026
1065
681
760
723
841
610
848
769
618
652
607
769
694
838
798
873
692
759
647
806
691
531
493
722
535
498
611
543
872
691
531
733
838
531
492
494
686
615
839
685
689
847
578
614
495
880
598
799
603
701
677
641
838
886
780
796
665
792
714
959
1006
867
841
811
795
643
723
629
632
827
741
887
706
890
780
793
733
994
1031
1093
703
970
737
688
738
586
617
676
1373
1202
750
727
605
579
640
568
502
541
501
540
605
498
637
759
463
583
766
539
721
695
1796
808
690
649
728
543
641
576
692
615
727
845
809
613
771
658
805
657
1032
690
507
537
582
537
771
582
537
505
499
614
